R_mean: 0.395985
G_mean: 0.434179
B_mean: 0.434528
R_std: 0.054672
G_std: 0.052740
B_std: 0.054149
